### proof of accuracy Python vs VBA


Result of the proof of accuracy:
##### Python

### 25/01/2022

## Matrix A
[[7.06 5.8  3.02 0.14]
 [8.14 0.45 8.63 3.74]
 [8.71 9.5  5.25 0.54]
 [4.69 6.23 2.64 8.3 ]]

## Matrix B
[[5.33 2.9  7.75 7.61]
 [7.09 4.14 7.9  9.62]
 [0.56 3.64 7.67 5.92]
 [2.98 6.48 2.79 8.25]]

## Product Of matrices
[[ 80.8602  56.386  124.089  128.556 ]
 [ 62.5547  81.1174 143.2667 148.219 ]
 [118.3285  87.1982 184.3266 193.2081]
 [ 95.3808 102.7868 128.9703 179.7273]]



##### VBA

## Matrix A
[[7.06 5.8  3.02 0.14]
 [8.14 0.45 8.63 3.74]
 [8.71 9.5  5.25 0.54]
 [4.69 6.23 2.64 8.3 ]]

## Matrix B
[[5.33 2.9  7.75 7.61]
 [7.09 4.14 7.9  9.62]
 [0.56 3.64 7.67 5.92]
 [2.98 6.48 2.79 8.25]]


## Product of matrices

'''	A time B		
80.86	56.39	124.09	128.56
62.55	81.12	143.27	148.22
118.33	87.20	184.33	193.21
95.38	102.79	128.97	179.73'''






### 26/01/2022

### Python

## Matrix A

[[5.89 9.11 6.95 2.44]
 [1.06 6.79 5.75 1.03]
 [2.84 2.96 3.01 9.8 ]
 [2.78 1.63 4.1  7.13]]


## Matrix B
[[9.86 2.27 9.8  5.34]
 [9.99 0.16 1.   7.99]
 [0.46 3.82 9.49 4.01]
 [1.6  6.47 4.13 3.26]]


## Product of matrices
[[156.1853  57.1637 142.8647 140.0654] [ 82.5767  32.1217  75.9994  86.3278]
 [ 74.6374  81.8246  99.8309  82.8341]
 [ 56.9885  68.3645  97.2299  67.5537]]

## Invese of matrix A

[[ 0.22371793 -0.2827996  -0.0829054   0.07824471]
 [ 0.03562671  0.08046253  0.2333489  -0.34454766]
 [-0.07383358  0.12773129 -0.28596146  0.39986157]
 [-0.05291581  0.01841944  0.14341659 -0.04142217]]


### VBA

## Matrix A

[[5.89 9.11 6.95 2.44]
 [1.06 6.79 5.75 1.03]
 [2.84 2.96 3.01 9.8 ]
 [2.78 1.63 4.1  7.13]]

## Matrix B

[[9.86 2.27 9.8  5.34]
 [9.99 0.16 1.   7.99]
 [0.46 3.82 9.49 4.01]
 [1.6  6.47 4.13 3.26]]

## Product of matrices

156.19	57.16	142.86	140.07
82.28	32.12	75.97	86.09
74.64	81.82	99.83	82.83
56.99	68.36	97.23	67.55


## Inverse of matrix A

0.22	-0.28	-0.08	0.08
0.04	0.08	0.23	-0.35
-0.07	0.13	-0.29	0.40
-0.05	0.02	0.14	-0.04
