### proof of accuracy Python vs VBA


Result of the proof of accuracy:
##### Python



## Matrix A
[[7.06 5.8  3.02 0.14]
 [8.14 0.45 8.63 3.74]
 [8.71 9.5  5.25 0.54]
 [4.69 6.23 2.64 8.3 ]]

## Matrix B
[[5.33 2.9  7.75 7.61]
 [7.09 4.14 7.9  9.62]
 [0.56 3.64 7.67 5.92]
 [2.98 6.48 2.79 8.25]]

## Product Of matrices
[[ 80.8602  56.386  124.089  128.556 ]
 [ 62.5547  81.1174 143.2667 148.219 ]
 [118.3285  87.1982 184.3266 193.2081]
 [ 95.3808 102.7868 128.9703 179.7273]]



##### VBA

## Matrix A
[[7.06 5.8  3.02 0.14]
 [8.14 0.45 8.63 3.74]
 [8.71 9.5  5.25 0.54]
 [4.69 6.23 2.64 8.3 ]]

## Matrix B
[[5.33 2.9  7.75 7.61]
 [7.09 4.14 7.9  9.62]
 [0.56 3.64 7.67 5.92]
 [2.98 6.48 2.79 8.25]]


## Product of matrices

'''	A time B		
80.86	56.39	124.09	128.56
62.55	81.12	143.27	148.22
118.33	87.20	184.33	193.21
95.38	102.79	128.97	179.73'''


