,0,1,2,3,4,5,6,7,8,9,10,11,12,13,14,15,16,17,18,19,20,21,22,23,24
0,0.999999999999997,-2.811515483916035e-16,-1.3254516666860347e-15,-2.2352071483641885e-15,-1.755260533292964e-15,-1.4910340660906986e-15,-6.801535976461644e-16,-6.049956184087551e-16,-1.858956451756386e-15,-4.638456927985883e-15,-2.935668771613784e-15,-4.57140899199402e-15,-2.426743026027759e-15,-5.024553085471046e-15,-1.3411971100861124e-15,-2.503543157377952e-15,-5.615033236932554e-15,-1.807062695891976e-15,-2.001152322498447e-15,-3.244687077144607e-15,-3.6281217385443205e-15,-3.845519541799231e-15,-7.088485508303541e-16,-1.707721426686289e-15,-2.6583568014520956e-15
1,-2.989315210708717e-16,0.9999999999999982,-2.1694860360762394e-15,-3.4026616815161597e-16,-5.528774175719948e-16,-1.302733345907339e-15,-2.305391039242582e-15,-8.499212291336628e-16,-5.058494588612027e-16,-3.869382748712396e-16,-2.022880510538284e-15,-2.3196048359652482e-15,-9.003653437583179e-16,-6.94064532695388e-16,-2.847852420206026e-16,-1.9196236105192755e-15,-2.206415853471527e-15,-1.1847449255491656e-15,-2.124845072820107e-15,-1.4793719921972555e-15,-1.5418040014253843e-15,-9.642085229524506e-16,-7.222529805825867e-16,-3.810414338306126e-16,-6.238971630818736e-16
2,5.2759482528676e-16,7.096907643502381e-16,1.000000000000001,3.0198510265792847e-16,9.14954088964524e-16,2.51900808641341e-15,1.169200396907781e-15,4.2666225572992905e-16,-1.4984073746362991e-15,5.033935714360465e-16,2.0967556942388626e-15,5.652782519674331e-16,1.433175422778401e-15,2.0102966313975718e-15,-7.499923200744903e-16,8.504066606040011e-16,1.0995136350500066e-16,1.8647977709566038e-15,7.52608883180885e-16,1.7812952099504012e-15,2.338345017597164e-15,2.0446107151345595e-16,7.039416658280787e-16,-2.0482704044890066e-16,2.2974742681436733e-15
3,2.559267989470501e-15,-4.117828521118552e-16,1.874148870331449e-15,1.0000000000000018,1.3459744539634948e-15,2.2509676938284997e-15,2.9452819213863876e-15,6.402752524766039e-16,1.9508147626436943e-15,3.5426338020092672e-15,3.0002777814372146e-15,3.371676207822209e-15,2.5644865617114474e-15,3.4030931883618117e-15,1.8618809068269938e-17,3.1102160888652983e-15,4.373575623992119e-15,1.493271959973257e-15,2.6627617290856786e-15,3.0317097414662745e-15,3.753235441396413e-15,3.996973241077664e-15,1.604750535055405e-15,1.3216135602279013e-15,2.5501616095980147e-15
4,-1.3056796762293084e-15,-1.0074909836769867e-15,-1.7987452748183785e-15,-8.453183833164274e-16,0.9999999999999992,-2.233158847252615e-15,-2.782506056952448e-15,-8.388767341648866e-16,4.595076035313275e-16,-5.606421592435065e-16,-1.873681699197344e-15,5.898561769977913e-16,-1.6505627450057958e-15,-2.0972369333406475e-15,-8.303209354223677e-17,-2.1624417576515747e-15,-1.2315076203012658e-15,-2.2282468737533004e-15,-2.2011863778897084e-15,-1.0517294922332024e-15,-3.175374634061423e-15,-1.8710839508084397e-15,-6.029653657708318e-16,3.653734345140676e-17,-2.4889758827106807e-15
5,-1.6782504165037658e-15,-1.0908366100808486e-15,-1.4881194540631958e-15,-3.209202468837192e-15,-1.0105187122070227e-15,0.9999999999999991,1.6677550623554342e-16,-1.2178969645536987e-15,1.3715719720311186e-15,-7.367024119496955e-16,-6.361416132615172e-16,-6.245345708747439e-16,-1.3592796730252404e-17,1.3021621849330968e-16,-1.582341301324858e-15,1.3086870147313125e-15,1.1400563593807936e-15,-1.2650963493688084e-15,1.430884667910907e-16,-5.215301821020291e-16,-6.608737284369494e-16,1.2446573909755049e-15,-2.784310574914609e-15,-1.4345422576033593e-15,-2.9185756682147247e-15
6,-1.6659182830288397e-15,-7.876176157258336e-16,-1.132943774070678e-15,-1.2316375260326796e-15,-1.0831127839156971e-15,-2.0281306510461502e-15,0.9999999999999981,-8.197434248375766e-16,-5.322713318960973e-16,-2.5909315132097995e-15,-2.214131577705807e-15,-1.5993071665987133e-15,-1.5068812122229818e-15,-2.7018966269276607e-15,-3.4186247623625587e-16,-1.0560142923565466e-15,-1.1805477078051123e-15,-1.4934193062847862e-15,-1.8664944155780525e-15,-2.600692206577099e-15,-2.9499080470294123e-15,-1.5554455913567627e-15,-1.0058587047523324e-15,-7.369541637083847e-16,-2.9131819260484567e-15
7,-3.5591047325935787e-16,-4.634101704915816e-16,-4.2739372269772986e-18,-4.304937029309761e-16,3.2752054409018916e-16,-1.559790997167465e-15,-8.077004495161338e-16,1.0,-2.8811771787335005e-17,-1.7006181155113185e-15,-2.1673593122424124e-15,9.544260487215662e-16,-7.711708444361963e-16,-1.818534273733173e-15,8.78612915915104e-16,-1.683524201006471e-15,-1.0382838929392165e-15,-6.887500808107708e-16,-1.240731520872393e-15,-1.4829779788562322e-15,-1.5612614840922003e-15,-1.083101897847376e-15,4.2806222456229224e-16,3.8660480962075476e-16,-9.728272517403551e-16
8,-3.87116523912911e-16,-4.29252925761952e-17,-6.865194940619181e-16,-5.852034624130548e-16,2.548199019318784e-16,-2.8614397512887406e-16,9.677540483911076e-17,-2.518852309664697e-16,0.999999999999999,2.1367467561435666e-16,4.0466407759417886e-16,1.1476039936897884e-17,2.4050984361059257e-16,1.0359296073822985e-15,-7.927791041663091e-16,6.274995129035504e-16,6.834606047251501e-17,7.2607028457133e-16,-9.348168184213954e-17,3.038077039102299e-16,1.0356511372170196e-16,1.669795289579165e-16,-7.387385248083948e-16,-6.792114951004462e-16,-4.926752418140708e-16
9,1.847150911986663e-15,5.680461178146321e-16,1.4203728756966274e-15,1.1622561275378365e-15,9.98526889662389e-16,1.4287893816107496e-15,2.156624170637501e-15,-3.1773871948286953e-16,7.57102698903952e-17,1.0000000000000007,2.23196961254308e-15,1.171807970230229e-15,1.4101575153937868e-15,3.3618060650808646e-15,-5.492158092628623e-17,9.717320424603056e-16,1.539039161121596e-15,1.3317193898215638e-15,1.967570282954851e-15,1.729854778498905e-15,3.2387683049045777e-15,1.4997024792938918e-15,1.1122657327208653e-15,3.90691139472064e-16,2.2511865724331074e-15
10,2.3298424740970784e-15,1.825522260234259e-15,2.7284666167475878e-15,2.723079260098791e-15,1.423206925118642e-15,1.3109037099371603e-15,1.8147286637922023e-15,1.3421087375687566e-15,4.163508636672929e-16,1.350959953496267e-15,1.0000000000000024,2.7046360343068812e-15,2.0697140503721115e-15,1.8587341992311373e-15,1.983914658803997e-15,1.2909647397037964e-15,1.5067404640200587e-15,2.3113489373130003e-15,1.8394172006186586e-15,2.0280898134119625e-15,2.569159792102847e-15,2.245047125608443e-17,2.859289133963774e-15,1.7512027773494331e-15,3.018358678916665e-15
11,-3.3030163615957895e-16,3.6285012334495527e-16,-6.138003089533862e-16,-5.438155574140258e-16,-3.597455973822815e-16,-2.1025966931370432e-16,-5.646998728100155e-16,1.6317076052101303e-16,5.833387333705364e-16,-1.039503581202489e-15,-6.391695608707817e-16,0.9999999999999996,-2.9864250665854815e-16,-9.17535786203257e-16,-3.5935471376480125e-16,-9.11073818950097e-16,-5.421121768528161e-16,-4.3620978303303315e-16,-6.996167900899532e-16,-1.6911724134398854e-16,-1.3635999332706618e-15,7.181878476895782e-17,-4.3518316633602974e-16,3.204500424943835e-17,-1.3922503178927362e-15
12,2.79723019932354e-15,2.5162276962567488e-15,4.687341156682473e-15,2.2938691889159332e-15,3.608275487020467e-15,3.661555036495192e-15,3.432865238876855e-15,2.3150686386811814e-15,-7.705068138430192e-16,3.34667300052179e-15,5.338224676895855e-15,3.791703523300749e-15,1.0000000000000027,4.951089814313926e-15,1.0695276209744362e-15,3.2582826139729927e-15,1.9847458767251896e-15,4.050821309293425e-15,4.0222474321529315e-15,4.582539952847407e-15,6.865496371687032e-15,1.4681297086105538e-15,2.0527215540286863e-15,1.6373695406176632e-15,6.303059276563881e-15
13,-1.7365635495795479e-15,-2.1103338710171425e-15,-2.160759055472901e-15,-1.0655954416796452e-15,-1.50761677602145e-15,-1.8538504156455417e-15,-1.4443898271036355e-15,-1.4685476452847147e-15,-3.2214215612485926e-17,-8.172551383224899e-16,-2.578410397923019e-15,-7.324248637684002e-16,-1.8943307848622105e-15,0.9999999999999986,-8.353664411092119e-16,-3.751916117050165e-17,-5.55069637517604e-16,-2.606938585202564e-15,-1.6375525392095985e-15,-2.2823671684487245e-15,-2.5439780556114602e-15,-9.53793094582017e-16,-2.040668258092985e-15,-1.493576519199609e-15,-2.830364166804144e-15
14,-1.2715661547466117e-15,-5.546407809165816e-16,-1.3638840458337878e-15,-2.762972322921374e-16,-3.3003544757821257e-16,-1.164441730442613e-15,-1.3179460140509135e-15,-1.4732013832466708e-17,-5.020630597034581e-17,-5.747624734306258e-16,-2.2114943145449227e-15,-7.644978725909045e-16,-7.211559587261758e-16,-2.0796698611204485e-15,1.0,-1.0684361101829155e-15,-1.5611805672891727e-15,-1.121069533714772e-15,-1.2782507566888444e-15,-1.828651220867659e-15,-1.368149013678698e-15,-5.92172089869348e-16,-8.468627069785914e-16,-1.626009560379569e-18,-1.3418671247717616e-15
15,-2.234782274934169e-16,-7.825240140267357e-16,-1.9490771518459701e-16,-1.1910548615525963e-16,2.729706626562386e-16,-1.2351753591276241e-16,-4.504331307388144e-16,4.835468980076478e-16,-1.523354167448167e-16,4.527334090082812e-16,-7.781263055837036e-16,-8.029007052409388e-16,-5.386943843999142e-17,-3.7297928856889464e-17,-3.4371524239491846e-16,0.9999999999999996,-7.374774794970199e-16,4.0979789974313773e-16,-3.788606734014102e-16,-4.0276496647684164e-16,4.713366387448437e-16,3.529772170949005e-16,-2.2134695341668222e-17,-7.876041846649098e-17,7.824880441655641e-16
16,5.696786651265817e-17,-6.670616024824785e-16,3.66868713113206e-16,5.741174805803319e-16,2.3338921838832293e-16,5.02580376746472e-16,8.822054556556199e-16,1.6648951040540078e-16,-2.402504342946289e-16,1.2897781293878388e-15,8.063537882885811e-16,6.301956940719606e-16,2.0796991965484135e-16,6.640794401071713e-16,1.3254542863618459e-17,1.4617018394303737e-15,1.0000000000000013,4.579816852128749e-17,8.117331237808481e-16,3.608390130647425e-16,9.849395958970033e-16,1.2120327688703683e-15,-6.424535450545329e-16,-1.0678197003857009e-16,4.380145344700879e-16
17,-1.2109154842285305e-15,1.858302377288727e-16,-7.137874930939379e-16,-1.0865689658754483e-15,-9.257971369718619e-16,-3.6236614829298336e-16,-4.781737129444107e-16,-4.02371457297293e-16,3.828839160951319e-16,-1.3213895691996299e-15,-7.883709101008699e-16,-7.51109138532112e-16,-5.45553614724282e-16,-1.2057984799007724e-15,-4.548517496871802e-16,-1.1294069950585502e-17,-3.069598968888763e-17,0.9999999999999992,-3.1952887504281315e-16,-5.654142457968467e-16,-1.3290860696147771e-15,-1.7438703104956144e-16,-8.27366594970749e-16,-6.437667024444367e-16,-2.2090709330088315e-15
18,-7.05170331252494e-16,4.659081047808803e-16,-3.2543706042354934e-16,-8.729383930944274e-16,-1.0339509559330653e-15,-1.501976512705498e-16,4.86599062683784e-16,-1.1783308641439477e-15,2.7801498577972673e-16,-2.158241759636647e-16,3.3042825476769244e-16,-5.629733705750995e-16,-7.682352844712643e-16,-2.1261823449855464e-16,-4.615824605519857e-16,1.4714070300365155e-15,1.0359226671116004e-15,-7.830040269703526e-16,1.0000000000000004,7.128882162533344e-17,-1.0283688237906106e-15,4.46144330461156e-16,-1.5666183512488756e-15,-8.098037662936496e-16,-2.569803458739058e-15
19,2.5921666146625706e-16,2.0653627802712872e-16,-7.966370382288919e-17,8.473922021461493e-16,9.927203849419247e-16,2.7987034086959395e-16,-6.655369592031718e-16,7.186315627850285e-16,-1.7270615224128183e-16,-3.5897908416845914e-16,-5.93743316577186e-16,1.551149238973611e-16,4.87393385231998e-16,-6.509642983689304e-16,1.6129687175828423e-16,-1.01486833787099e-15,-6.197077309851228e-16,1.9597959246859245e-16,-4.689910654231258e-16,0.9999999999999998,1.818491436516458e-16,-2.4451421602923327e-16,9.415707335791894e-16,2.8594075962460706e-16,1.1717645457343446e-15
20,5.530099901830857e-16,4.540949547935699e-16,-1.5648014510263093e-16,4.976327952641875e-16,4.0950825626598453e-16,-5.317795660950771e-16,2.1778584671504057e-16,1.702693743459959e-17,-3.34376127594929e-16,-1.83617209077661e-16,1.649255688825341e-17,9.065600169596563e-17,-1.1814683011039402e-16,1.1271274819299558e-16,-2.9056764996149115e-16,-9.399145428743444e-16,-7.06379126530281e-16,3.368262803939956e-16,-2.2816935571018074e-16,4.757524080307716e-17,1.0,-6.695578014883001e-16,1.506780538211852e-15,4.0368824728376694e-16,7.517525151611311e-16
21,1.791489024333602e-16,2.977981581886014e-16,3.777677960925358e-16,3.5411302718345013e-16,6.426487185726855e-16,1.2148100911878138e-15,-5.475448044690146e-16,6.513264468605859e-16,-3.1062619841268665e-16,1.0518216270192287e-16,-4.66053526643919e-16,5.908359273233172e-16,1.2397713611511116e-16,-3.0722741091708254e-16,-6.163640093646096e-17,-1.2426024529516458e-15,-7.941069264948492e-16,8.717019527391249e-16,-3.9236216102660606e-16,3.38320056161726e-17,6.078940915905489e-16,0.9999999999999994,9.66873829091351e-16,4.809700593391461e-16,1.1888038095890987e-15
22,-4.2229528211070083e-16,-2.618546332148545e-16,-2.890825995079648e-17,-1.0083425337451918e-15,-2.7045726122584134e-16,8.141116485138082e-17,7.678294857003163e-16,-4.87465162645612e-16,4.258827202599804e-16,-6.244262087138642e-16,-1.2441183133304866e-16,-4.302519490290488e-16,2.2078925375074222e-16,-1.6612090127707078e-16,-3.8132346216429873e-16,8.095445766150865e-16,1.0815055184581794e-15,-1.0641435023130298e-16,2.149688868376201e-16,1.1772109702432256e-16,1.9206729973803303e-18,3.7202963409599283e-16,0.9999999999999982,-2.3191975461007855e-16,-1.2262014993313424e-15
23,3.0313452714481245e-16,-3.0074347251639746e-16,1.052681940440312e-16,2.239147517562887e-16,-5.833452216451744e-16,6.449494628674404e-16,-5.348935066673398e-16,1.2943427311256537e-17,-2.42461265911908e-16,1.4640445686568198e-16,1.0290274158619152e-16,4.158267353988664e-17,-1.6174927288565487e-16,1.5273325840337173e-16,1.794765999803985e-16,-3.8906726932768494e-16,1.298185269993425e-16,5.0895062339171735e-17,-1.8996640487928494e-16,-1.8292477868953135e-16,1.694149571617473e-16,-2.2292114153999106e-16,2.06649199959886e-16,1.0000000000000002,3.8120556572363137e-16
24,-3.3306690738754696e-16,-3.8163916471489756e-16,6.938893903907228e-18,-3.8337388819087437e-16,-1.6653345369377348e-16,-2.220446049250313e-16,3.3306690738754696e-16,7.28583859910259e-17,-2.3592239273284576e-16,-2.7755575615628914e-16,1.3877787807814457e-16,-4.996003610813204e-16,-3.885780586188048e-16,3.122502256758253e-16,-9.71445146547012e-17,1.6653345369377348e-16,1.6653345369377348e-16,-1.6653345369377348e-16,-1.3877787807814457e-16,1.1102230246251565e-16,-2.7755575615628914e-16,1.1102230246251565e-16,-6.279698983036042e-16,-4.163336342344337e-17,0.9999999999999997
