[[ 1.00000000e+00  2.22044605e-16  4.44089210e-16 -2.77555756e-17
  -1.31838984e-16  3.60822483e-16 -1.11022302e-16  2.49800181e-16
   4.85722573e-16  4.99600361e-16]
 [ 1.38777878e-16  1.00000000e+00  1.11022302e-16  7.49400542e-16
   7.77156117e-16  2.77555756e-17  4.44089210e-16  3.60822483e-16
   3.88578059e-16  2.77555756e-17]
 [-4.44089210e-16 -3.88578059e-16  1.00000000e+00 -1.66533454e-16
  -2.49800181e-16 -3.88578059e-16 -2.22044605e-16 -1.94289029e-16
  -5.27355937e-16 -3.88578059e-16]
 [ 3.61473004e-16  1.69135539e-16  2.61943245e-16  1.00000000e+00
   8.32667268e-17  2.55871713e-17  2.68448458e-16  1.94505870e-16
   3.00757683e-16  5.18465479e-16]
 [ 4.61436445e-16  2.49800181e-16  4.44089210e-16  2.04697370e-16
   1.00000000e+00  1.94289029e-16  8.32667268e-17  1.49186219e-16
   6.24500451e-17  3.92047506e-16]
 [-5.37764278e-16 -5.96744876e-16 -6.38378239e-16 -1.56125113e-16
  -3.33066907e-16  1.00000000e+00 -1.31838984e-16 -4.75314232e-16
  -2.32452946e-16 -3.85108612e-16]
 [-1.97064587e-15 -1.55431223e-15 -1.33226763e-15 -1.63757896e-15
  -9.99200722e-16 -5.55111512e-17  1.00000000e+00 -9.15933995e-16
  -1.55431223e-15 -1.74860126e-15]
 [ 1.45716772e-16  1.38777878e-16  3.33066907e-16 -2.28983499e-16
   2.77555756e-17 -1.38777878e-17  8.32667268e-17  1.00000000e+00
   1.80411242e-16 -1.04083409e-16]
 [ 2.08166817e-16  1.66533454e-16  2.22044605e-16  2.35922393e-16
   1.38777878e-16  5.55111512e-17  8.32667268e-17  1.24900090e-16
   1.00000000e+00  3.19189120e-16]
 [-1.14491749e-16 -7.63278329e-17 -1.38777878e-16 -8.67361738e-17
  -8.32667268e-17 -1.04083409e-16  2.08166817e-17 -2.11636264e-16
  -2.32452946e-16  1.00000000e+00]]